225;
225; 225;
225; 225; 225;
225; 213;
200;
200; 213;
200; 200;
200; 205;
200; 205; 205;
205;
205; 212;
205; 213;
205; 213; 213;
205; 213; 213; 213;
205; 213; 213; 213; 213;
205; 213; 205;
205; 200;
205; 217;
205; 217; 217;
205; 205;
205; 205; 213;
205; 205; 213; 213;
205; 205; 205;
205; 205; 205; 205;
205; 205; 205; 205; 205;
212;
212; 212;
212; 213;
212; 213; 213;
212; 213; 213; 213;
212; 217;
212; 217; 217;
213;
213; 225;
213; 225; 225;
213; 225; 213;
213; 212;
213; 212; 213;
213; 213;
213; 213; 225;
213; 213; 212;
213; 213; 213;
213; 213; 213; 212;
213; 213; 213; 213;
213; 213; 213; 213; 213;
213; 213; 213; 213; 217;
213; 213; 213; 217;
213; 213; 213; 217; 217;
213; 213; 217;
213; 213; 217; 213;
213; 213; 217; 213; 213;
213; 213; 217; 213; 217;
213; 213; 217; 217;
213; 213; 217; 217; 213;
213; 213; 217; 217; 217;
213; 213; 205;
213; 200;
213; 217;
213; 217; 213;
213; 217; 213; 213;
213; 217; 213; 213; 213;
213; 217; 213; 213; 217;
213; 217; 213; 217;
213; 217; 213; 217; 213;
213; 217; 213; 217; 217;
213; 217; 217;
213; 217; 217; 213;
213; 217; 217; 213; 213;
213; 217; 217; 213; 217;
213; 217; 217; 217;
213; 217; 217; 217; 213;
213; 217; 217; 217; 217;
213; 221;
213; 205;
213; 205; 213;
213; 205; 205;
217;
217; 225;
217; 212;
217; 212; 212;
217; 212; 213;
217; 212; 217;
217; 212; 217; 217;
217; 213;
217; 213; 225;
217; 213; 212;
217; 213; 213;
217; 213; 213; 213;
217; 213; 213; 213; 213;
217; 213; 213; 213; 217;
217; 213; 213; 217;
217; 213; 213; 217; 213;
217; 213; 213; 217; 217;
217; 213; 217;
217; 213; 217; 213;
217; 213; 217; 213; 213;
217; 213; 217; 213; 217;
217; 213; 217; 217;
217; 213; 217; 217; 213;
217; 213; 217; 217; 217;
217; 200;
217; 217;
217; 217; 212;
217; 217; 213;
217; 217; 213; 213;
217; 217; 213; 213; 213;
217; 217; 213; 213; 217;
217; 217; 213; 217;
217; 217; 213; 217; 213;
217; 217; 213; 217; 217;
217; 217; 217;
217; 217; 217; 212;
217; 217; 217; 213;
217; 217; 217; 213; 213;
217; 217; 217; 213; 217;
217; 217; 217; 217;
217; 217; 217; 217; 213;
217; 217; 217; 217; 217;
217; 221;
217; 205;
217; 205; 205;
221;
221; 213;
221; 213; 213;
221; 221;
221; 221; 213;
221; 221; 221;
221; 221; 221; 221;
221; 221; 221; 221; 221;
223;
